0 271.6371 3089.388 0 0
25 178.7755 732.9474 0 0
50 178.7532 732.3799 0 0
100 178.5643 731.6917 0 0
200 178.5109 731.9682 0 0
550 178.5135 734.2561 0 0
650 178.5372 734.6564 0 0
750 178.6518 735.522 0 0
850 178.6451 735.2717 0 0
1700 178.9531 707.94 0 0
2000 178.9661 687.66 0 0
2300 179.1693 665.5963 0 0
2600 179.1335 639.8671 0 0
0 107.2304 3065.958 0 0
25 71.52119 727.1784 0 0
50 71.38451 724.7216 0 0
100 71.29984 724.327 0 0
200 71.26284 723.4144 0 0
550 71.26312 719.3433 0 0
650 71.28348 718.174 0 0
750 71.3075 716.413 0 0
850 71.29178 713.7865 0 0
1700 71.35914 673.2468 0 0
2000 71.3651 650.6659 0 0
2300 71.37536 625.9858 0 0
2600 71.37463 597.3809 0 0
0 20.55054 3031.681 0 0
25 13.89346 712.4094 0 0
50 13.93379 713.4569 0 0
100 13.98963 715.2531 0 0
200 14.03119 713.4563 0 0
550 14.04066 682.2639 0 0
650 14.0487 670.3376 0 0
750 14.04742 655.9474 0 0
850 14.05045 640.9968 0 0
1700 14.03765 491.6928 0 0
2000 14.03834 440.4019 0 0
2300 14.02372 391.9885 0 0
2600 14.03005 348.6892 0 0
0 4.567549 2924.001 0 0
25 3.467533 710.6129 0 0
50 3.473208 715.1901 0 0
100 3.484415 697.411 0 0
200 3.48066 652.6793 0 0
550 3.47522 445.3051 0 0
650 3.470588 396.3117 0 0
750 3.472345 355.3329 0 0
850 3.472479 319.9081 0 0
1700 3.486773 162.2469 0 0
2000 3.479928 134.6735 0 0
2300 3.481853 113.9619 0 0
2600 3.489089 97.66186 0 0




